0.000000	0.000000	0.003250
0.200000	0.000000	0.005183
0.400000	0.000000	0.004728
0.600000	0.000000	0.005226
0.800000	0.000000	0.004142
1.000000	0.000000	0.004731
1.200000	0.000000	0.004477
1.400000	0.000000	0.004792
1.600000	0.000000	0.004297
1.800000	0.000000	0.004332
2.000000	0.000000	0.004394
2.200000	0.000000	0.004065
2.400000	0.000000	0.004055
2.600000	0.000000	0.003802
2.800000	0.000000	0.004117
3.000000	0.000000	0.003972
3.200000	0.000000	0.003874
3.400000	0.000000	0.002941
3.600000	0.000000	0.003930
3.800000	0.000000	0.003460
4.000000	0.000000	0.003803
4.200000	0.000000	0.003718
4.400000	0.000000	0.003839
4.600000	0.000000	0.003280
4.800000	0.000000	0.002593
5.000000	0.000000	0.003114
5.200000	0.000000	0.003238
5.400000	0.000000	0.002379
5.600000	0.000000	0.001993
5.800000	0.000000	0.001814
6.000000	0.000000	0.001555
6.200000	0.000000	0.001668
6.400000	0.000000	0.000906
6.600000	0.000000	0.000902
6.800000	0.000000	0.001051
7.000000	0.000000	0.001000
7.200000	0.000000	0.000733
7.400000	0.000000	0.000594
7.600000	0.000000	0.000398
7.800000	0.000000	0.000583
8.000000	0.000000	0.000294
8.200000	0.000000	0.000398
8.400000	0.000000	0.000183
8.600000	0.000000	0.000111
8.800000	0.000000	0.000137
9.000000	0.000000	0.000196
9.200000	0.000000	0.000115
9.400000	0.000000	0.000038
9.600000	0.000000	0.000063
9.800000	0.000000	0.000021
0.000000	0.200000	0.002607
0.200000	0.200000	0.003969
0.400000	0.200000	0.003773
0.600000	0.200000	0.003458
0.800000	0.200000	0.004003
1.000000	0.200000	0.004484
1.200000	0.200000	0.003945
1.400000	0.200000	0.004315
1.600000	0.200000	0.004938
1.800000	0.200000	0.004546
2.000000	0.200000	0.004515
2.200000	0.200000	0.004905
2.400000	0.200000	0.003835
2.600000	0.200000	0.003778
2.800000	0.200000	0.004259
3.000000	0.200000	0.003870
3.200000	0.200000	0.004140
3.400000	0.200000	0.003930
3.600000	0.200000	0.002810
3.800000	0.200000	0.003437
4.000000	0.200000	0.003796
4.200000	0.200000	0.003115
4.400000	0.200000	0.003388
4.600000	0.200000	0.003529
4.800000	0.200000	0.003176
5.000000	0.200000	0.003259
5.200000	0.200000	0.003136
5.400000	0.200000	0.002995
5.600000	0.200000	0.002548
5.800000	0.200000	0.001999
6.000000	0.200000	0.001966
6.200000	0.200000	0.001655
6.400000	0.200000	0.001052
6.600000	0.200000	0.000951
6.800000	0.200000	0.001417
7.000000	0.200000	0.000772
7.200000	0.200000	0.000457
7.400000	0.200000	0.000652
7.600000	0.200000	0.000417
7.800000	0.200000	0.000289
8.000000	0.200000	0.000196
8.200000	0.200000	0.000165
8.400000	0.200000	0.000305
8.600000	0.200000	0.000202
8.800000	0.200000	0.000117
9.000000	0.200000	0.000039
9.200000	0.200000	0.000013
9.400000	0.200000	0.000004
9.600000	0.200000	0.000001
9.800000	0.200000	0.000000
0.000000	0.400000	0.003000
0.200000	0.400000	0.003350
0.400000	0.400000	0.004217
0.600000	0.400000	0.004206
0.800000	0.400000	0.004652
1.000000	0.400000	0.005801
1.200000	0.400000	0.005484
1.400000	0.400000	0.005078
1.600000	0.400000	0.004843
1.800000	0.400000	0.005764
2.000000	0.400000	0.005471
2.200000	0.400000	0.004174
2.400000	0.400000	0.004091
2.600000	0.400000	0.004564
2.800000	0.400000	0.004121
3.000000	0.400000	0.003574
3.200000	0.400000	0.004141
3.400000	0.400000	0.004130
3.600000	0.400000	0.003377
3.800000	0.400000	0.003926
4.000000	0.400000	0.003959
4.200000	0.400000	0.003770
4.400000	0.400000	0.003357
4.600000	0.400000	0.003819
4.800000	0.400000	0.003223
5.000000	0.400000	0.002874
5.200000	0.400000	0.002708
5.400000	0.400000	0.002403
5.600000	0.400000	0.002251
5.800000	0.400000	0.002300
6.000000	0.400000	0.002067
6.200000	0.400000	0.001539
6.400000	0.400000	0.001463
6.600000	0.400000	0.001188
6.800000	0.400000	0.000696
7.000000	0.400000	0.000782
7.200000	0.400000	0.000661
7.400000	0.400000	0.000420
7.600000	0.400000	0.000240
7.800000	0.400000	0.000280
8.000000	0.400000	0.000143
8.200000	0.400000	0.000248
8.400000	0.400000	0.000083
8.600000	0.400000	0.000178
8.800000	0.400000	0.000059
9.000000	0.400000	0.000020
9.200000	0.400000	0.000057
9.400000	0.400000	0.000019
9.600000	0.400000	0.000006
9.800000	0.400000	0.000002
0.000000	0.600000	0.002551
0.200000	0.600000	0.003650
0.400000	0.600000	0.004567
0.600000	0.600000	0.004522
0.800000	0.600000	0.004207
1.000000	0.600000	0.003952
1.200000	0.600000	0.004967
1.400000	0.600000	0.004406
1.600000	0.600000	0.004519
1.800000	0.600000	0.004306
2.000000	0.600000	0.004435
2.200000	0.600000	0.005578
2.400000	0.600000	0.004709
2.600000	0.600000	0.004420
2.800000	0.600000	0.003923
3.000000	0.600000	0.003808
3.200000	0.600000	0.003519
3.400000	0.600000	0.003723
3.600000	0.600000	0.004441
3.800000	0.600000	0.004230
4.000000	0.600000	0.004460
4.200000	0.600000	0.003437
4.400000	0.600000	0.003346
4.600000	0.600000	0.003565
4.800000	0.600000	0.002738
5.000000	0.600000	0.003063
5.200000	0.600000	0.002871
5.400000	0.600000	0.002407
5.600000	0.600000	0.002252
5.800000	0.600000	0.002151
6.000000	0.600000	0.001117
6.200000	0.600000	0.001222
6.400000	0.600000	0.001007
6.600000	0.600000	0.000836
6.800000	0.600000	0.000679
7.000000	0.600000	0.000676
7.200000	0.600000	0.000525
7.400000	0.600000	0.000525
7.600000	0.600000	0.000425
7.800000	0.600000	0.000242
8.000000	0.600000	0.000131
8.200000	0.600000	0.000194
8.400000	0.600000	0.000065
8.600000	0.600000	0.000022
8.800000	0.600000	0.000007
9.000000	0.600000	0.000002
9.200000	0.600000	0.000001
9.400000	0.600000	0.000000
9.600000	0.600000	0.000000
9.800000	0.600000	0.000000
0.000000	0.800000	0.003200
0.200000	0.800000	0.003967
0.400000	0.800000	0.005122
0.600000	0.800000	0.005557
0.800000	0.800000	0.005852
1.000000	0.800000	0.005101
1.200000	0.800000	0.005500
1.400000	0.800000	0.005733
1.600000	0.800000	0.005061
1.800000	0.800000	0.004187
2.000000	0.800000	0.004646
2.200000	0.800000	0.004399
2.400000	0.800000	0.004666
2.600000	0.800000	0.005305
2.800000	0.800000	0.005118
3.000000	0.800000	0.004856
3.200000	0.800000	0.004869
3.400000	0.800000	0.004873
3.600000	0.800000	0.004624
3.800000	0.800000	0.003991
4.000000	0.800000	0.003630
4.200000	0.800000	0.003710
4.400000	0.800000	0.004237
4.600000	0.800000	0.004062
4.800000	0.800000	0.003154
5.000000	0.800000	0.003001
5.200000	0.800000	0.003100
5.400000	0.800000	0.002783
5.600000	0.800000	0.001928
5.800000	0.800000	0.002093
6.000000	0.800000	0.001898
6.200000	0.800000	0.001583
6.400000	0.800000	0.001228
6.600000	0.800000	0.000959
6.800000	0.800000	0.000720
7.000000	0.800000	0.000590
7.200000	0.800000	0.000297
7.400000	0.800000	0.000449
7.600000	0.800000	0.000450
7.800000	0.800000	0.000300
8.000000	0.800000	0.000100
8.200000	0.800000	0.000033
8.400000	0.800000	0.000011
8.600000	0.800000	0.000004
8.800000	0.800000	0.000001
9.000000	0.800000	0.000000
9.200000	0.800000	0.000000
9.400000	0.800000	0.000000
9.600000	0.800000	0.000000
9.800000	0.800000	0.000000
0.000000	1.000000	0.001700
0.200000	1.000000	0.003067
0.400000	1.000000	0.004772
0.600000	1.000000	0.005191
0.800000	1.000000	0.004930
1.000000	1.000000	0.004743
1.200000	1.000000	0.004831
1.400000	1.000000	0.004810
1.600000	1.000000	0.005103
1.800000	1.000000	0.004501
2.000000	1.000000	0.005500
2.200000	1.000000	0.005883
2.400000	1.000000	0.005961
2.600000	1.000000	0.004837
2.800000	1.000000	0.005612
3.000000	1.000000	0.005071
3.200000	1.000000	0.004990
3.400000	1.000000	0.004713
3.600000	1.000000	0.004121
3.800000	1.000000	0.003524
4.000000	1.000000	0.003475
4.200000	1.000000	0.003458
4.400000	1.000000	0.003803
4.600000	1.000000	0.003818
4.800000	1.000000	0.003773
5.000000	1.000000	0.002908
5.200000	1.000000	0.002669
5.400000	1.000000	0.002690
5.600000	1.000000	0.001947
5.800000	1.000000	0.002149
6.000000	1.000000	0.001416
6.200000	1.000000	0.001322
6.400000	1.000000	0.000691
6.600000	1.000000	0.000530
6.800000	1.000000	0.000377
7.000000	1.000000	0.000376
7.200000	1.000000	0.000425
7.400000	1.000000	0.000242
7.600000	1.000000	0.000131
7.800000	1.000000	0.000044
8.000000	1.000000	0.000115
8.200000	1.000000	0.000038
8.400000	1.000000	0.000013
8.600000	1.000000	0.000054
8.800000	1.000000	0.000018
9.000000	1.000000	0.000006
9.200000	1.000000	0.000002
9.400000	1.000000	0.000001
9.600000	1.000000	0.000000
9.800000	1.000000	0.000000
0.000000	1.200000	0.002250
0.200000	1.200000	0.003700
0.400000	1.200000	0.004033
0.600000	1.200000	0.005194
0.800000	1.200000	0.006031
1.000000	1.200000	0.005960
1.200000	1.200000	0.005737
1.400000	1.200000	0.005362
1.600000	1.200000	0.005437
1.800000	1.200000	0.005162
2.000000	1.200000	0.005171
2.200000	1.200000	0.005724
2.400000	1.200000	0.005708
2.600000	1.200000	0.006003
2.800000	1.200000	0.005051
3.000000	1.200000	0.006034
3.200000	1.200000	0.005361
3.400000	1.200000	0.005187
3.600000	1.200000	0.004529
3.800000	1.200000	0.004010
4.000000	1.200000	0.004137
4.200000	1.200000	0.003479
4.400000	1.200000	0.003060
4.600000	1.200000	0.003370
4.800000	1.200000	0.002723
5.000000	1.200000	0.003008
5.200000	1.200000	0.003403
5.400000	1.200000	0.002334
5.600000	1.200000	0.002178
5.800000	1.200000	0.001726
6.000000	1.200000	0.001325
6.200000	1.200000	0.001042
6.400000	1.200000	0.000947
6.600000	1.200000	0.000566
6.800000	1.200000	0.000439
7.000000	1.200000	0.000296
7.200000	1.200000	0.000199
7.400000	1.200000	0.000116
7.600000	1.200000	0.000089
7.800000	1.200000	0.000030
8.000000	1.200000	0.000010
8.200000	1.200000	0.000003
8.400000	1.200000	0.000001
8.600000	1.200000	0.000000
8.800000	1.200000	0.000000
9.000000	1.200000	0.000000
9.200000	1.200000	0.000050
9.400000	1.200000	0.000017
9.600000	1.200000	0.000006
9.800000	1.200000	0.000002
0.000000	1.400000	0.001701
0.200000	1.400000	0.002567
0.400000	1.400000	0.003906
0.600000	1.400000	0.004552
0.800000	1.400000	0.004517
1.000000	1.400000	0.004906
1.200000	1.400000	0.005135
1.400000	1.400000	0.005712
1.600000	1.400000	0.006704
1.800000	1.400000	0.005935
2.000000	1.400000	0.006178
2.200000	1.400000	0.006009
2.400000	1.400000	0.005353
2.600000	1.400000	0.004984
2.800000	1.400000	0.005361
3.000000	1.400000	0.004937
3.200000	1.400000	0.006046
3.400000	1.400000	0.004965
3.600000	1.400000	0.004505
3.800000	1.400000	0.004302
4.000000	1.400000	0.004184
4.200000	1.400000	0.003995
4.400000	1.400000	0.003632
4.600000	1.400000	0.004261
4.800000	1.400000	0.004070
5.000000	1.400000	0.003957
5.200000	1.400000	0.003619
5.400000	1.400000	0.002756
5.600000	1.400000	0.002319
5.800000	1.400000	0.002123
6.000000	1.400000	0.001308
6.200000	1.400000	0.001036
6.400000	1.400000	0.000645
6.600000	1.400000	0.000465
6.800000	1.400000	0.000155
7.000000	1.400000	0.000202
7.200000	1.400000	0.000067
7.400000	1.400000	0.000072
7.600000	1.400000	0.000074
7.800000	1.400000	0.000025
8.000000	1.400000	0.000008
8.200000	1.400000	0.000053
8.400000	1.400000	0.000018
8.600000	1.400000	0.000006
8.800000	1.400000	0.000002
9.000000	1.400000	0.000001
9.200000	1.400000	0.000000
9.400000	1.400000	0.000000
9.600000	1.400000	0.000000
9.800000	1.400000	0.000000
0.000000	1.600000	0.002650
0.200000	1.600000	0.002533
0.400000	1.600000	0.004594
0.600000	1.600000	0.005481
0.800000	1.600000	0.005827
1.000000	1.600000	0.005592
1.200000	1.600000	0.006114
1.400000	1.600000	0.006138
1.600000	1.600000	0.007046
1.800000	1.600000	0.006299
2.000000	1.600000	0.006550
2.200000	1.600000	0.005533
2.400000	1.600000	0.004794
2.600000	1.600000	0.005598
2.800000	1.600000	0.005016
3.000000	1.600000	0.004222
3.200000	1.600000	0.004807
3.400000	1.600000	0.005702
3.600000	1.600000	0.004551
3.800000	1.600000	0.005467
4.000000	1.600000	0.005222
4.200000	1.600000	0.004941
4.400000	1.600000	0.004697
4.600000	1.600000	0.004666
4.800000	1.600000	0.003705
5.000000	1.600000	0.003485
5.200000	1.600000	0.003712
5.400000	1.600000	0.002787
5.600000	1.600000	0.002179
5.800000	1.600000	0.001126
6.000000	1.600000	0.001175
6.200000	1.600000	0.000892
6.400000	1.600000	0.000647
6.600000	1.600000	0.000466
6.800000	1.600000	0.000255
7.000000	1.600000	0.000085
7.200000	1.600000	0.000178
7.400000	1.600000	0.000059
7.600000	1.600000	0.000020
7.800000	1.600000	0.000007
8.000000	1.600000	0.000002
8.200000	1.600000	0.000001
8.400000	1.600000	0.000000
8.600000	1.600000	0.000000
8.800000	1.600000	0.000000
9.000000	1.600000	0.000000
9.200000	1.600000	0.000000
9.400000	1.600000	0.000000
9.600000	1.600000	0.000000
9.800000	1.600000	0.000000
0.000000	1.800000	0.006650
0.200000	1.800000	0.002217
0.400000	1.800000	0.004139
0.600000	1.800000	0.005380
0.800000	1.800000	0.005793
1.000000	1.800000	0.005731
1.200000	1.800000	0.006610
1.400000	1.800000	0.007553
1.600000	1.800000	0.007218
1.800000	1.800000	0.007156
2.000000	1.800000	0.006485
2.200000	1.800000	0.007962
2.400000	1.800000	0.006504
2.600000	1.800000	0.006268
2.800000	1.800000	0.005639
3.000000	1.800000	0.004680
3.200000	1.800000	0.005110
3.400000	1.800000	0.006103
3.600000	1.800000	0.004484
3.800000	1.800000	0.004045
4.000000	1.800000	0.004498
4.200000	1.800000	0.004399
4.400000	1.800000	0.003316
4.600000	1.800000	0.002705
4.800000	1.800000	0.003552
5.000000	1.800000	0.003284
5.200000	1.800000	0.003295
5.400000	1.800000	0.001998
5.600000	1.800000	0.001666
5.800000	1.800000	0.000955
6.000000	1.800000	0.000868
6.200000	1.800000	0.000439
6.400000	1.800000	0.000396
6.600000	1.800000	0.000282
6.800000	1.800000	0.000144
7.000000	1.800000	0.000048
7.200000	1.800000	0.000016
7.400000	1.800000	0.000005
7.600000	1.800000	0.000002
7.800000	1.800000	0.000001
8.000000	1.800000	0.000000
8.200000	1.800000	0.000000
8.400000	1.800000	0.000000
8.600000	1.800000	0.000000
8.800000	1.800000	0.000000
9.000000	1.800000	0.000000
9.200000	1.800000	0.000000
9.400000	1.800000	0.000000
9.600000	1.800000	0.000000
9.800000	1.800000	0.000000
0.000000	2.000000	0.005000
0.200000	2.000000	0.007167
0.400000	2.000000	0.008139
0.600000	2.000000	0.007213
0.800000	2.000000	0.009054
1.000000	2.000000	0.007518
1.200000	2.000000	0.007256
1.400000	2.000000	0.007619
1.600000	2.000000	0.007590
1.800000	2.000000	0.007330
2.000000	2.000000	0.007993
2.200000	2.000000	0.007564
2.400000	2.000000	0.008521
2.600000	2.000000	0.008040
2.800000	2.000000	0.007830
3.000000	2.000000	0.007510
3.200000	2.000000	0.008303
3.400000	2.000000	0.006018
3.600000	2.000000	0.005906
3.800000	2.000000	0.006619
4.000000	2.000000	0.006706
4.200000	2.000000	0.006335
4.400000	2.000000	0.005362
4.600000	2.000000	0.005587
4.800000	2.000000	0.005912
5.000000	2.000000	0.004421
5.200000	2.000000	0.004324
5.400000	2.000000	0.003641
5.600000	2.000000	0.002264
5.800000	2.000000	0.001555
6.000000	2.000000	0.000818
6.200000	2.000000	0.000473
6.400000	2.000000	0.000308
6.600000	2.000000	0.000153
6.800000	2.000000	0.000051
7.000000	2.000000	0.000017
7.200000	2.000000	0.000006
7.400000	2.000000	0.000002
7.600000	2.000000	0.000001
7.800000	2.000000	0.000000
8.000000	2.000000	0.000000
8.200000	2.000000	0.000000
8.400000	2.000000	0.000000
8.600000	2.000000	0.000000
8.800000	2.000000	0.000000
9.000000	2.000000	0.000000
9.200000	2.000000	0.000000
9.400000	2.000000	0.000000
9.600000	2.000000	0.000000
9.800000	2.000000	0.000000
0.000000	2.200000	0.005850
0.200000	2.200000	0.007900
0.400000	2.200000	0.007983
0.600000	2.200000	0.008161
0.800000	2.200000	0.007070
1.000000	2.200000	0.008707
1.200000	2.200000	0.009752
1.400000	2.200000	0.008601
1.600000	2.200000	0.007717
1.800000	2.200000	0.007772
2.000000	2.200000	0.008241
2.200000	2.200000	0.008697
2.400000	2.200000	0.008449
2.600000	2.200000	0.007266
2.800000	2.200000	0.008472
3.000000	2.200000	0.007224
3.200000	2.200000	0.006108
3.400000	2.200000	0.006186
3.600000	2.200000	0.005962
3.800000	2.200000	0.005837
4.000000	2.200000	0.006046
4.200000	2.200000	0.005615
4.400000	2.200000	0.005422
4.600000	2.200000	0.005207
4.800000	2.200000	0.004836
5.000000	2.200000	0.003862
5.200000	2.200000	0.004037
5.400000	2.200000	0.003346
5.600000	2.200000	0.002015
5.800000	2.200000	0.001122
6.000000	2.200000	0.000474
6.200000	2.200000	0.000158
6.400000	2.200000	0.000053
6.600000	2.200000	0.000018
6.800000	2.200000	0.000006
7.000000	2.200000	0.000002
7.200000	2.200000	0.000051
7.400000	2.200000	0.000017
7.600000	2.200000	0.000006
7.800000	2.200000	0.000002
8.000000	2.200000	0.000001
8.200000	2.200000	0.000000
8.400000	2.200000	0.000050
8.600000	2.200000	0.000017
8.800000	2.200000	0.000006
9.000000	2.200000	0.000002
9.200000	2.200000	0.000001
9.400000	2.200000	0.000000
9.600000	2.200000	0.000000
9.800000	2.200000	0.000000
0.000000	2.400000	0.005950
0.200000	2.400000	0.007333
0.400000	2.400000	0.008244
0.600000	2.400000	0.008698
0.800000	2.400000	0.008699
1.000000	2.400000	0.008150
1.200000	2.400000	0.009467
1.400000	2.400000	0.008556
1.600000	2.400000	0.008202
1.800000	2.400000	0.008484
2.000000	2.400000	0.007978
2.200000	2.400000	0.008009
2.400000	2.400000	0.007970
2.600000	2.400000	0.006657
2.800000	2.400000	0.006669
3.000000	2.400000	0.007573
3.200000	2.400000	0.007524
3.400000	2.400000	0.007608
3.600000	2.400000	0.007336
3.800000	2.400000	0.006845
4.000000	2.400000	0.005682
4.200000	2.400000	0.006394
4.400000	2.400000	0.005681
4.600000	2.400000	0.005844
4.800000	2.400000	0.005798
5.000000	2.400000	0.004983
5.200000	2.400000	0.004061
5.400000	2.400000	0.002754
5.600000	2.400000	0.001318
5.800000	2.400000	0.000589
6.000000	2.400000	0.000296
6.200000	2.400000	0.000149
6.400000	2.400000	0.000050
6.600000	2.400000	0.000067
6.800000	2.400000	0.000022
7.000000	2.400000	0.000007
7.200000	2.400000	0.000002
7.400000	2.400000	0.000001
7.600000	2.400000	0.000000
7.800000	2.400000	0.000000
8.000000	2.400000	0.000000
8.200000	2.400000	0.000000
8.400000	2.400000	0.000000
8.600000	2.400000	0.000000
8.800000	2.400000	0.000000
9.000000	2.400000	0.000000
9.200000	2.400000	0.000000
9.400000	2.400000	0.000000
9.600000	2.400000	0.000000
9.800000	2.400000	0.000000
0.000000	2.600000	0.006950
0.200000	2.600000	0.009467
0.400000	2.600000	0.009006
0.600000	2.600000	0.008702
0.800000	2.600000	0.009501
1.000000	2.600000	0.008817
1.200000	2.600000	0.009639
1.400000	2.600000	0.009013
1.600000	2.600000	0.008104
1.800000	2.600000	0.008251
2.000000	2.600000	0.007950
2.200000	2.600000	0.007950
2.400000	2.600000	0.008100
2.600000	2.600000	0.008150
2.800000	2.600000	0.007517
3.000000	2.600000	0.007006
3.200000	2.600000	0.005835
3.400000	2.600000	0.006595
3.600000	2.600000	0.006698
3.800000	2.600000	0.006833
4.000000	2.600000	0.005728
4.200000	2.600000	0.005709
4.400000	2.600000	0.006103
4.600000	2.600000	0.004834
4.800000	2.600000	0.004961
5.000000	2.600000	0.004304
5.200000	2.600000	0.003685
5.400000	2.600000	0.001778
5.600000	2.600000	0.000793
5.800000	2.600000	0.000264
6.000000	2.600000	0.000088
6.200000	2.600000	0.000029
6.400000	2.600000	0.000060
6.600000	2.600000	0.000020
6.800000	2.600000	0.000007
7.000000	2.600000	0.000002
7.200000	2.600000	0.000001
7.400000	2.600000	0.000000
7.600000	2.600000	0.000000
7.800000	2.600000	0.000000
8.000000	2.600000	0.000000
8.200000	2.600000	0.000000
8.400000	2.600000	0.000000
8.600000	2.600000	0.000000
8.800000	2.600000	0.000000
9.000000	2.600000	0.000000
9.200000	2.600000	0.000000
9.400000	2.600000	0.000000
9.600000	2.600000	0.000000
9.800000	2.600000	0.000000
0.000000	2.800000	0.007050
0.200000	2.800000	0.008750
0.400000	2.800000	0.010117
0.600000	2.800000	0.009522
0.800000	2.800000	0.009074
1.000000	2.800000	0.008675
1.200000	2.800000	0.010292
1.400000	2.800000	0.009531
1.600000	2.800000	0.009377
1.800000	2.800000	0.009926
2.000000	2.800000	0.008809
2.200000	2.800000	0.008786
2.400000	2.800000	0.008879
2.600000	2.800000	0.007610
2.800000	2.800000	0.008387
3.000000	2.800000	0.008496
3.200000	2.800000	0.007382
3.400000	2.800000	0.006161
3.600000	2.800000	0.007704
3.800000	2.800000	0.006818
4.000000	2.800000	0.007373
4.200000	2.800000	0.005458
4.400000	2.800000	0.005619
4.600000	2.800000	0.005223
4.800000	2.800000	0.004891
5.000000	2.800000	0.004580
5.200000	2.800000	0.001977
5.400000	2.800000	0.000759
5.600000	2.800000	0.000253
5.800000	2.800000	0.000084
6.000000	2.800000	0.000028
6.200000	2.800000	0.000009
6.400000	2.800000	0.000003
6.600000	2.800000	0.000001
6.800000	2.800000	0.000000
7.000000	2.800000	0.000000
7.200000	2.800000	0.000000
7.400000	2.800000	0.000000
7.600000	2.800000	0.000000
7.800000	2.800000	0.000000
8.000000	2.800000	0.000000
8.200000	2.800000	0.000000
8.400000	2.800000	0.000000
8.600000	2.800000	0.000000
8.800000	2.800000	0.000000
9.000000	2.800000	0.000000
9.200000	2.800000	0.000000
9.400000	2.800000	0.000000
9.600000	2.800000	0.000000
9.800000	2.800000	0.000000
0.000000	3.000000	0.006200
0.200000	3.000000	0.008117
0.400000	3.000000	0.008756
0.600000	3.000000	0.009219
0.800000	3.000000	0.010023
1.000000	3.000000	0.009291
1.200000	3.000000	0.010397
1.400000	3.000000	0.009316
1.600000	3.000000	0.009255
1.800000	3.000000	0.009435
2.000000	3.000000	0.008745
2.200000	3.000000	0.008965
2.400000	3.000000	0.008538
2.600000	3.000000	0.009096
2.800000	3.000000	0.009282
3.000000	3.000000	0.008294
3.200000	3.000000	0.007365
3.400000	3.000000	0.007655
3.600000	3.000000	0.007102
3.800000	3.000000	0.008417
4.000000	3.000000	0.008156
4.200000	3.000000	0.007169
4.400000	3.000000	0.007240
4.600000	3.000000	0.006013
4.800000	3.000000	0.005554
5.000000	3.000000	0.005101
5.200000	3.000000	0.001700
5.400000	3.000000	0.000567
5.600000	3.000000	0.000189
5.800000	3.000000	0.000063
6.000000	3.000000	0.000021
6.200000	3.000000	0.000007
6.400000	3.000000	0.000002
6.600000	3.000000	0.000001
6.800000	3.000000	0.000000
7.000000	3.000000	0.000000
7.200000	3.000000	0.000000
7.400000	3.000000	0.000000
7.600000	3.000000	0.000000
7.800000	3.000000	0.000000
8.000000	3.000000	0.000000
8.200000	3.000000	0.000000
8.400000	3.000000	0.000000
8.600000	3.000000	0.000000
8.800000	3.000000	0.000000
9.000000	3.000000	0.000000
9.200000	3.000000	0.000000
9.400000	3.000000	0.000000
9.600000	3.000000	0.000000
9.800000	3.000000	0.000000
0.000000	3.200000	0.006300
0.200000	3.200000	0.008900
0.400000	3.200000	0.009217
0.600000	3.200000	0.009722
0.800000	3.200000	0.009641
1.000000	3.200000	0.010014
1.200000	3.200000	0.010838
1.400000	3.200000	0.010663
1.600000	3.200000	0.009754
1.800000	3.200000	0.008901
2.000000	3.200000	0.009517
2.200000	3.200000	0.009122
2.400000	3.200000	0.009991
2.600000	3.200000	0.009380
2.800000	3.200000	0.009827
3.000000	3.200000	0.009626
3.200000	3.200000	0.009059
3.400000	3.200000	0.008620
3.600000	3.200000	0.007773
3.800000	3.200000	0.007491
4.000000	3.200000	0.006947
4.200000	3.200000	0.006266
4.400000	3.200000	0.005839
4.600000	3.200000	0.005196
4.800000	3.200000	0.004932
5.000000	3.200000	0.005394
5.200000	3.200000	0.001798
5.400000	3.200000	0.000599
5.600000	3.200000	0.000200
5.800000	3.200000	0.000067
6.000000	3.200000	0.000022
6.200000	3.200000	0.000007
6.400000	3.200000	0.000002
6.600000	3.200000	0.000001
6.800000	3.200000	0.000000
7.000000	3.200000	0.000000
7.200000	3.200000	0.000000
7.400000	3.200000	0.000000
7.600000	3.200000	0.000000
7.800000	3.200000	0.000000
8.000000	3.200000	0.000000
8.200000	3.200000	0.000000
8.400000	3.200000	0.000000
8.600000	3.200000	0.000000
8.800000	3.200000	0.000000
9.000000	3.200000	0.000000
9.200000	3.200000	0.000000
9.400000	3.200000	0.000000
9.600000	3.200000	0.000000
9.800000	3.200000	0.000000
0.000000	3.400000	0.008000
0.200000	3.400000	0.009917
0.400000	3.400000	0.010306
0.600000	3.400000	0.010785
0.800000	3.400000	0.010245
1.000000	3.400000	0.010465
1.200000	3.400000	0.011088
1.400000	3.400000	0.008846
1.600000	3.400000	0.009199
1.800000	3.400000	0.009966
2.000000	3.400000	0.009322
2.200000	3.400000	0.009957
2.400000	3.400000	0.009869
2.600000	3.400000	0.009540
2.800000	3.400000	0.008830
3.000000	3.400000	0.009593
3.200000	3.400000	0.008648
3.400000	3.400000	0.008733
3.600000	3.400000	0.007961
3.800000	3.400000	0.007854
4.000000	3.400000	0.006868
4.200000	3.400000	0.007439
4.400000	3.400000	0.007130
4.600000	3.400000	0.006177
4.800000	3.400000	0.005809
5.000000	3.400000	0.005486
5.200000	3.400000	0.001829
5.400000	3.400000	0.000610
5.600000	3.400000	0.000203
5.800000	3.400000	0.000068
6.000000	3.400000	0.000023
6.200000	3.400000	0.000008
6.400000	3.400000	0.000003
6.600000	3.400000	0.000001
6.800000	3.400000	0.000000
7.000000	3.400000	0.000000
7.200000	3.400000	0.000000
7.400000	3.400000	0.000000
7.600000	3.400000	0.000000
7.800000	3.400000	0.000000
8.000000	3.400000	0.000000
8.200000	3.400000	0.000000
8.400000	3.400000	0.000000
8.600000	3.400000	0.000000
8.800000	3.400000	0.000000
9.000000	3.400000	0.000000
9.200000	3.400000	0.000000
9.400000	3.400000	0.000000
9.600000	3.400000	0.000000
9.800000	3.400000	0.000000
0.000000	3.600000	0.008150
0.200000	3.600000	0.009067
0.400000	3.600000	0.009522
0.600000	3.600000	0.011424
0.800000	3.600000	0.012408
1.000000	3.600000	0.010636
1.200000	3.600000	0.010145
1.400000	3.600000	0.011082
1.600000	3.600000	0.009544
1.800000	3.600000	0.010331
2.000000	3.600000	0.009944
2.200000	3.600000	0.010115
2.400000	3.600000	0.010022
2.600000	3.600000	0.009291
2.800000	3.600000	0.009047
3.000000	3.600000	0.009916
3.200000	3.600000	0.008155
3.400000	3.600000	0.007918
3.600000	3.600000	0.007989
3.800000	3.600000	0.008313
4.000000	3.600000	0.008471
4.200000	3.600000	0.007774
4.400000	3.600000	0.007391
4.600000	3.600000	0.006914
4.800000	3.600000	0.006605
5.000000	3.600000	0.005852
5.200000	3.600000	0.001951
5.400000	3.600000	0.000650
5.600000	3.600000	0.000217
5.800000	3.600000	0.000072
6.000000	3.600000	0.000024
6.200000	3.600000	0.000008
6.400000	3.600000	0.000003
6.600000	3.600000	0.000001
6.800000	3.600000	0.000000
7.000000	3.600000	0.000000
7.200000	3.600000	0.000000
7.400000	3.600000	0.000000
7.600000	3.600000	0.000000
7.800000	3.600000	0.000000
8.000000	3.600000	0.000000
8.200000	3.600000	0.000000
8.400000	3.600000	0.000000
8.600000	3.600000	0.000000
8.800000	3.600000	0.000000
9.000000	3.600000	0.000000
9.200000	3.600000	0.000000
9.400000	3.600000	0.000000
9.600000	3.600000	0.000000
9.800000	3.600000	0.000000
0.000000	3.800000	0.008750
0.200000	3.800000	0.010667
0.400000	3.800000	0.010756
0.600000	3.800000	0.011685
0.800000	3.800000	0.011445
1.000000	3.800000	0.011415
1.200000	3.800000	0.012105
1.400000	3.800000	0.011285
1.600000	3.800000	0.010862
1.800000	3.800000	0.010221
2.000000	3.800000	0.010707
2.200000	3.800000	0.008719
2.400000	3.800000	0.008706
2.600000	3.800000	0.010902
2.800000	3.800000	0.010234
3.000000	3.800000	0.009961
3.200000	3.800000	0.010520
3.400000	3.800000	0.009907
3.600000	3.800000	0.008702
3.800000	3.800000	0.008601
4.000000	3.800000	0.008917
4.200000	3.800000	0.007122
4.400000	3.800000	0.006474
4.600000	3.800000	0.005958
4.800000	3.800000	0.005836
5.000000	3.800000	0.005145
5.200000	3.800000	0.001715
5.400000	3.800000	0.000572
5.600000	3.800000	0.000191
5.800000	3.800000	0.000064
6.000000	3.800000	0.000021
6.200000	3.800000	0.000007
6.400000	3.800000	0.000002
6.600000	3.800000	0.000001
6.800000	3.800000	0.000000
7.000000	3.800000	0.000000
7.200000	3.800000	0.000000
7.400000	3.800000	0.000000
7.600000	3.800000	0.000000
7.800000	3.800000	0.000000
8.000000	3.800000	0.000000
8.200000	3.800000	0.000000
8.400000	3.800000	0.000000
8.600000	3.800000	0.000000
8.800000	3.800000	0.000000
9.000000	3.800000	0.000000
9.200000	3.800000	0.000000
9.400000	3.800000	0.000000
9.600000	3.800000	0.000000
9.800000	3.800000	0.000000
0.000000	4.000000	0.007000
0.200000	4.000000	0.010033
0.400000	4.000000	0.012244
0.600000	4.000000	0.011681
0.800000	4.000000	0.011844
1.000000	4.000000	0.011548
1.200000	4.000000	0.010949
1.400000	4.000000	0.012050
1.600000	4.000000	0.013067
1.800000	4.000000	0.012256
2.000000	4.000000	0.012085
2.200000	4.000000	0.011228
2.400000	4.000000	0.010093
2.600000	4.000000	0.009664
2.800000	4.000000	0.009771
3.000000	4.000000	0.010157
3.200000	4.000000	0.009936
3.400000	4.000000	0.009462
3.600000	4.000000	0.009854
3.800000	4.000000	0.008685
4.000000	4.000000	0.008895
4.200000	4.000000	0.007365
4.400000	4.000000	0.007955
4.600000	4.000000	0.007102
4.800000	4.000000	0.006917
5.000000	4.000000	0.004906
5.200000	4.000000	0.001635
5.400000	4.000000	0.000545
5.600000	4.000000	0.000182
5.800000	4.000000	0.000061
6.000000	4.000000	0.000020
6.200000	4.000000	0.000007
6.400000	4.000000	0.000002
6.600000	4.000000	0.000001
6.800000	4.000000	0.000000
7.000000	4.000000	0.000000
7.200000	4.000000	0.000000
7.400000	4.000000	0.000000
7.600000	4.000000	0.000000
7.800000	4.000000	0.000000
8.000000	4.000000	0.000000
8.200000	4.000000	0.000000
8.400000	4.000000	0.000000
8.600000	4.000000	0.000000
8.800000	4.000000	0.000000
9.000000	4.000000	0.000000
9.200000	4.000000	0.000000
9.400000	4.000000	0.000000
9.600000	4.000000	0.000000
9.800000	4.000000	0.000000
0.000000	4.200000	0.008900
0.200000	4.200000	0.011567
0.400000	4.200000	0.012606
0.600000	4.200000	0.012302
0.800000	4.200000	0.012051
1.000000	4.200000	0.011167
1.200000	4.200000	0.011922
1.400000	4.200000	0.011674
1.600000	4.200000	0.012841
1.800000	4.200000	0.012530
2.000000	4.200000	0.011477
2.200000	4.200000	0.011376
2.400000	4.200000	0.011842
2.600000	4.200000	0.011347
2.800000	4.200000	0.011282
3.000000	4.200000	0.010461
3.200000	4.200000	0.008387
3.400000	4.200000	0.009396
3.600000	4.200000	0.009382
3.800000	4.200000	0.010127
4.000000	4.200000	0.008576
4.200000	4.200000	0.008509
4.400000	4.200000	0.006986
4.600000	4.200000	0.006879
4.800000	4.200000	0.006593
5.000000	4.200000	0.005998
5.200000	4.200000	0.001999
5.400000	4.200000	0.000666
5.600000	4.200000	0.000222
5.800000	4.200000	0.000074
6.000000	4.200000	0.000025
6.200000	4.200000	0.000008
6.400000	4.200000	0.000003
6.600000	4.200000	0.000001
6.800000	4.200000	0.000000
7.000000	4.200000	0.000000
7.200000	4.200000	0.000000
7.400000	4.200000	0.000000
7.600000	4.200000	0.000000
7.800000	4.200000	0.000000
8.000000	4.200000	0.000000
8.200000	4.200000	0.000000
8.400000	4.200000	0.000000
8.600000	4.200000	0.000000
8.800000	4.200000	0.000000
9.000000	4.200000	0.000000
9.200000	4.200000	0.000000
9.400000	4.200000	0.000000
9.600000	4.200000	0.000000
9.800000	4.200000	0.000000
0.000000	4.400000	0.007000
0.200000	4.400000	0.009733
0.400000	4.400000	0.011844
0.600000	4.400000	0.013398
0.800000	4.400000	0.012416
1.000000	4.400000	0.011889
1.200000	4.400000	0.010613
1.400000	4.400000	0.011188
1.600000	4.400000	0.013629
1.800000	4.400000	0.014043
2.000000	4.400000	0.012481
2.200000	4.400000	0.011560
2.400000	4.400000	0.011253
2.600000	4.400000	0.011001
2.800000	4.400000	0.010267
3.000000	4.400000	0.009972
3.200000	4.400000	0.011574
3.400000	4.400000	0.010058
3.600000	4.400000	0.009503
3.800000	4.400000	0.008068
4.000000	4.400000	0.007489
4.200000	4.400000	0.007296
4.400000	4.400000	0.007232
4.600000	4.400000	0.006511
4.800000	4.400000	0.005720
5.000000	4.400000	0.005807
5.200000	4.400000	0.001936
5.400000	4.400000	0.000645
5.600000	4.400000	0.000215
5.800000	4.400000	0.000072
6.000000	4.400000	0.000024
6.200000	4.400000	0.000008
6.400000	4.400000	0.000003
6.600000	4.400000	0.000001
6.800000	4.400000	0.000000
7.000000	4.400000	0.000000
7.200000	4.400000	0.000000
7.400000	4.400000	0.000000
7.600000	4.400000	0.000000
7.800000	4.400000	0.000000
8.000000	4.400000	0.000000
8.200000	4.400000	0.000000
8.400000	4.400000	0.000000
8.600000	4.400000	0.000000
8.800000	4.400000	0.000000
9.000000	4.400000	0.000000
9.200000	4.400000	0.000000
9.400000	4.400000	0.000000
9.600000	4.400000	0.000000
9.800000	4.400000	0.000000
0.000000	4.600000	0.009250
0.200000	4.600000	0.011983
0.400000	4.600000	0.012694
0.600000	4.600000	0.014581
0.800000	4.600000	0.012710
1.000000	4.600000	0.011637
1.200000	4.600000	0.012229
1.400000	4.600000	0.011776
1.600000	4.600000	0.012525
1.800000	4.600000	0.011375
2.000000	4.600000	0.010392
2.200000	4.600000	0.011314
2.400000	4.600000	0.011071
2.600000	4.600000	0.010390
2.800000	4.600000	0.010613
3.000000	4.600000	0.010488
3.200000	4.600000	0.010646
3.400000	4.600000	0.009649
3.600000	4.600000	0.009716
3.800000	4.600000	0.009639
4.000000	4.600000	0.009063
4.200000	4.600000	0.008421
4.400000	4.600000	0.007807
4.600000	4.600000	0.007752
4.800000	4.600000	0.007534
5.000000	4.600000	0.007111
5.200000	4.600000	0.002370
5.400000	4.600000	0.000790
5.600000	4.600000	0.000263
5.800000	4.600000	0.000088
6.000000	4.600000	0.000029
6.200000	4.600000	0.000010
6.400000	4.600000	0.000003
6.600000	4.600000	0.000001
6.800000	4.600000	0.000000
7.000000	4.600000	0.000000
7.200000	4.600000	0.000000
7.400000	4.600000	0.000000
7.600000	4.600000	0.000000
7.800000	4.600000	0.000000
8.000000	4.600000	0.000000
8.200000	4.600000	0.000000
8.400000	4.600000	0.000000
8.600000	4.600000	0.000000
8.800000	4.600000	0.000000
9.000000	4.600000	0.000000
9.200000	4.600000	0.000000
9.400000	4.600000	0.000000
9.600000	4.600000	0.000000
9.800000	4.600000	0.000000
0.000000	4.800000	0.008850
0.200000	4.800000	0.012000
0.400000	4.800000	0.013350
0.600000	4.800000	0.013650
0.800000	4.800000	0.011950
1.000000	4.800000	0.012283
1.200000	4.800000	0.012844
1.400000	4.800000	0.012231
1.600000	4.800000	0.011027
1.800000	4.800000	0.013126
2.000000	4.800000	0.011275
2.200000	4.800000	0.010808
2.400000	4.800000	0.011553
2.600000	4.800000	0.010801
2.800000	4.800000	0.012700
3.000000	4.800000	0.011433
3.200000	4.800000	0.010711
3.400000	4.800000	0.011120
3.600000	4.800000	0.010507
3.800000	4.800000	0.009502
4.000000	4.800000	0.009667
4.200000	4.800000	0.009822
4.400000	4.800000	0.008824
4.600000	4.800000	0.007491
4.800000	4.800000	0.006847
5.000000	4.800000	0.006032
5.200000	4.800000	0.002011
5.400000	4.800000	0.000670
5.600000	4.800000	0.000223
5.800000	4.800000	0.000074
6.000000	4.800000	0.000025
6.200000	4.800000	0.000008
6.400000	4.800000	0.000003
6.600000	4.800000	0.000001
6.800000	4.800000	0.000000
7.000000	4.800000	0.000000
7.200000	4.800000	0.000000
7.400000	4.800000	0.000000
7.600000	4.800000	0.000000
7.800000	4.800000	0.000000
8.000000	4.800000	0.000000
8.200000	4.800000	0.000000
8.400000	4.800000	0.000000
8.600000	4.800000	0.000000
8.800000	4.800000	0.000000
9.000000	4.800000	0.000000
9.200000	4.800000	0.000000
9.400000	4.800000	0.000000
9.600000	4.800000	0.000000
9.800000	4.800000	0.000000
0.000000	5.000000	0.008300
0.200000	5.000000	0.012117
0.400000	5.000000	0.012989
0.600000	5.000000	0.011930
0.800000	5.000000	0.012277
1.000000	5.000000	0.013192
1.200000	5.000000	0.013797
1.400000	5.000000	0.012199
1.600000	5.000000	0.012116
1.800000	5.000000	0.012589
2.000000	5.000000	0.013296
2.200000	5.000000	0.014032
2.400000	5.000000	0.012627
2.600000	5.000000	0.012159
2.800000	5.000000	0.012053
3.000000	5.000000	0.012918
3.200000	5.000000	0.012306
3.400000	5.000000	0.011052
3.600000	5.000000	0.011784
3.800000	5.000000	0.010578
4.000000	5.000000	0.008726
4.200000	5.000000	0.008859
4.400000	5.000000	0.008003
4.600000	5.000000	0.007968
4.800000	5.000000	0.008356
5.000000	5.000000	0.006235
5.200000	5.000000	0.002078
5.400000	5.000000	0.000693
5.600000	5.000000	0.000231
5.800000	5.000000	0.000077
6.000000	5.000000	0.000026
6.200000	5.000000	0.000009
6.400000	5.000000	0.000003
6.600000	5.000000	0.000001
6.800000	5.000000	0.000000
7.000000	5.000000	0.000000
7.200000	5.000000	0.000000
7.400000	5.000000	0.000000
7.600000	5.000000	0.000000
7.800000	5.000000	0.000000
8.000000	5.000000	0.000000
8.200000	5.000000	0.000000
8.400000	5.000000	0.000000
8.600000	5.000000	0.000000
8.800000	5.000000	0.000000
9.000000	5.000000	0.000000
9.200000	5.000000	0.000000
9.400000	5.000000	0.000000
9.600000	5.000000	0.000000
9.800000	5.000000	0.000000
0.000000	5.200000	0.009700
0.200000	5.200000	0.012033
0.400000	5.200000	0.012461
0.600000	5.200000	0.014104
0.800000	5.200000	0.013751
1.000000	5.200000	0.013534
1.200000	5.200000	0.012611
1.400000	5.200000	0.012454
1.600000	5.200000	0.013051
1.800000	5.200000	0.012450
2.000000	5.200000	0.014150
2.200000	5.200000	0.013767
2.400000	5.200000	0.013389
2.600000	5.200000	0.014963
2.800000	5.200000	0.013488
3.000000	5.200000	0.012796
3.200000	5.200000	0.011415
3.400000	5.200000	0.011805
3.600000	5.200000	0.011985
3.800000	5.200000	0.010895
4.000000	5.200000	0.009632
4.200000	5.200000	0.009511
4.400000	5.200000	0.009170
4.600000	5.200000	0.008007
4.800000	5.200000	0.007619
5.000000	5.200000	0.006990
5.200000	5.200000	0.002330
5.400000	5.200000	0.000777
5.600000	5.200000	0.000259
5.800000	5.200000	0.000086
6.000000	5.200000	0.000029
6.200000	5.200000	0.000010
6.400000	5.200000	0.000003
6.600000	5.200000	0.000001
6.800000	5.200000	0.000000
7.000000	5.200000	0.000000
7.200000	5.200000	0.000000
7.400000	5.200000	0.000000
7.600000	5.200000	0.000000
7.800000	5.200000	0.000000
8.000000	5.200000	0.000000
8.200000	5.200000	0.000000
8.400000	5.200000	0.000000
8.600000	5.200000	0.000000
8.800000	5.200000	0.000000
9.000000	5.200000	0.000000
9.200000	5.200000	0.000000
9.400000	5.200000	0.000000
9.600000	5.200000	0.000000
9.800000	5.200000	0.000000
0.000000	5.400000	0.008350
0.200000	5.400000	0.011383
0.400000	5.400000	0.013394
0.600000	5.400000	0.013115
0.800000	5.400000	0.012822
1.000000	5.400000	0.013124
1.200000	5.400000	0.013275
1.400000	5.400000	0.012225
1.600000	5.400000	0.013325
1.800000	5.400000	0.011942
2.000000	5.400000	0.012831
2.200000	5.400000	0.013577
2.400000	5.400000	0.012476
2.600000	5.400000	0.014609
2.800000	5.400000	0.014570
3.000000	5.400000	0.013057
3.200000	5.400000	0.013702
3.400000	5.400000	0.014167
3.600000	5.400000	0.011822
3.800000	5.400000	0.010541
4.000000	5.400000	0.012464
4.200000	5.400000	0.011205
4.400000	5.400000	0.010435
4.600000	5.400000	0.008178
4.800000	5.400000	0.007026
5.000000	5.400000	0.006492
5.200000	5.400000	0.002214
5.400000	5.400000	0.000738
5.600000	5.400000	0.000246
5.800000	5.400000	0.000082
6.000000	5.400000	0.000027
6.200000	5.400000	0.000009
6.400000	5.400000	0.000003
6.600000	5.400000	0.000001
6.800000	5.400000	0.000000
7.000000	5.400000	0.000000
7.200000	5.400000	0.000000
7.400000	5.400000	0.000000
7.600000	5.400000	0.000000
7.800000	5.400000	0.000000
8.000000	5.400000	0.000000
8.200000	5.400000	0.000000
8.400000	5.400000	0.000000
8.600000	5.400000	0.000000
8.800000	5.400000	0.000000
9.000000	5.400000	0.000000
9.200000	5.400000	0.000000
9.400000	5.400000	0.000000
9.600000	5.400000	0.000000
9.800000	5.400000	0.000000
0.000000	5.600000	0.010450
0.200000	5.600000	0.012033
0.400000	5.600000	0.013511
0.600000	5.600000	0.014304
0.800000	5.600000	0.013768
1.000000	5.600000	0.014189
1.200000	5.600000	0.013380
1.400000	5.600000	0.015210
1.600000	5.600000	0.014520
1.800000	5.600000	0.014540
2.000000	5.600000	0.013347
2.200000	5.600000	0.013049
2.400000	5.600000	0.013500
2.600000	5.600000	0.014650
2.800000	5.600000	0.011833
3.000000	5.600000	0.012844
3.200000	5.600000	0.012531
3.400000	5.600000	0.012627
3.600000	5.600000	0.012409
3.800000	5.600000	0.013836
4.000000	5.600000	0.012062
4.200000	5.600000	0.011471
4.400000	5.600000	0.010174
4.600000	5.600000	0.009491
4.800000	5.600000	0.008014
5.000000	5.600000	0.002671
5.200000	5.600000	0.000890
5.400000	5.600000	0.000297
5.600000	5.600000	0.000099
5.800000	5.600000	0.000033
6.000000	5.600000	0.000011
6.200000	5.600000	0.000004
6.400000	5.600000	0.000001
6.600000	5.600000	0.000000
6.800000	5.600000	0.000000
7.000000	5.600000	0.000000
7.200000	5.600000	0.000000
7.400000	5.600000	0.000000
7.600000	5.600000	0.000000
7.800000	5.600000	0.000000
8.000000	5.600000	0.000000
8.200000	5.600000	0.000000
8.400000	5.600000	0.000000
8.600000	5.600000	0.000000
8.800000	5.600000	0.000000
9.000000	5.600000	0.000000
9.200000	5.600000	0.000000
9.400000	5.600000	0.000050
9.600000	5.600000	0.000017
9.800000	5.600000	0.000056
0.000000	5.800000	0.010419
0.200000	5.800000	0.012573
0.400000	5.800000	0.013791
0.600000	5.800000	0.014697
0.800000	5.800000	0.014599
1.000000	5.800000	0.014516
1.200000	5.800000	0.012139
1.400000	5.800000	0.014896
1.600000	5.800000	0.013965
1.800000	5.800000	0.013505
2.000000	5.800000	0.013352
2.200000	5.800000	0.014401
2.400000	5.800000	0.014800
2.600000	5.800000	0.013533
2.800000	5.800000	0.012861
3.000000	5.800000	0.013337
3.200000	5.800000	0.013196
3.400000	5.800000	0.013749
3.600000	5.800000	0.012733
3.800000	5.800000	0.011994
4.000000	5.800000	0.011848
4.200000	5.800000	0.012499
4.400000	5.800000	0.010666
4.600000	5.800000	0.009605
4.800000	5.800000	0.009002
5.000000	5.800000	0.003001
5.200000	5.800000	0.001000
5.400000	5.800000	0.000333
5.600000	5.800000	0.000111
5.800000	5.800000	0.000037
6.000000	5.800000	0.000012
6.200000	5.800000	0.000004
6.400000	5.800000	0.000001
6.600000	5.800000	0.000000
6.800000	5.800000	0.000000
7.000000	5.800000	0.000000
7.200000	5.800000	0.000000
7.400000	5.800000	0.000000
7.600000	5.800000	0.000000
7.800000	5.800000	0.000000
8.000000	5.800000	0.000000
8.200000	5.800000	0.000000
8.400000	5.800000	0.000000
8.600000	5.800000	0.000000
8.800000	5.800000	0.000000
9.000000	5.800000	0.000000
9.200000	5.800000	0.000000
9.400000	5.800000	0.000100
9.600000	5.800000	0.000033
9.800000	5.800000	0.000011
0.000000	6.000000	0.009604
0.200000	6.000000	0.012701
0.400000	6.000000	0.012534
0.600000	6.000000	0.012328
0.800000	6.000000	0.012859
1.000000	6.000000	0.012786
1.200000	6.000000	0.013462
1.400000	6.000000	0.014437
1.600000	6.000000	0.014212
1.800000	6.000000	0.014787
2.000000	6.000000	0.014579
2.200000	6.000000	0.012910
2.400000	6.000000	0.013953
2.600000	6.000000	0.015101
2.800000	6.000000	0.015234
3.000000	6.000000	0.014928
3.200000	6.000000	0.014326
3.400000	6.000000	0.015075
3.600000	6.000000	0.013075
3.800000	6.000000	0.013708
4.000000	6.000000	0.013269
4.200000	6.000000	0.013223
4.400000	6.000000	0.011708
4.600000	6.000000	0.009853
4.800000	6.000000	0.007984
5.000000	6.000000	0.002661
5.200000	6.000000	0.000887
5.400000	6.000000	0.000296
5.600000	6.000000	0.000099
5.800000	6.000000	0.000033
6.000000	6.000000	0.000011
6.200000	6.000000	0.000004
6.400000	6.000000	0.000001
6.600000	6.000000	0.000000
6.800000	6.000000	0.000000
7.000000	6.000000	0.000000
7.200000	6.000000	0.000000
7.400000	6.000000	0.000000
7.600000	6.000000	0.000000
7.800000	6.000000	0.000000
8.000000	6.000000	0.000000
8.200000	6.000000	0.000000
8.400000	6.000000	0.000000
8.600000	6.000000	0.000000
8.800000	6.000000	0.000000
9.000000	6.000000	0.000000
9.200000	6.000000	0.000050
9.400000	6.000000	0.000017
9.600000	6.000000	0.000056
9.800000	6.000000	0.000019
0.000000	6.200000	0.009106
0.200000	6.200000	0.012735
0.400000	6.200000	0.013645
0.600000	6.200000	0.013998
0.800000	6.200000	0.014266
1.000000	6.200000	0.014305
1.200000	6.200000	0.013368
1.400000	6.200000	0.014156
1.600000	6.200000	0.013569
1.800000	6.200000	0.014423
2.000000	6.200000	0.013708
2.200000	6.200000	0.013419
2.400000	6.200000	0.014173
2.600000	6.200000	0.013674
2.800000	6.200000	0.013858
3.000000	6.200000	0.013119
3.200000	6.200000	0.013223
3.400000	6.200000	0.013358
3.600000	6.200000	0.014003
3.800000	6.200000	0.013968
4.000000	6.200000	0.012556
4.200000	6.200000	0.012635
4.400000	6.200000	0.011412
4.600000	6.200000	0.011554
4.800000	6.200000	0.009651
5.000000	6.200000	0.003217
5.200000	6.200000	0.001072
5.400000	6.200000	0.000357
5.600000	6.200000	0.000119
5.800000	6.200000	0.000040
6.000000	6.200000	0.000013
6.200000	6.200000	0.000004
6.400000	6.200000	0.000001
6.600000	6.200000	0.000000
6.800000	6.200000	0.000000
7.000000	6.200000	0.000000
7.200000	6.200000	0.000000
7.400000	6.200000	0.000000
7.600000	6.200000	0.000000
7.800000	6.200000	0.000000
8.000000	6.200000	0.000000
8.200000	6.200000	0.000000
8.400000	6.200000	0.000000
8.600000	6.200000	0.000000
8.800000	6.200000	0.000050
9.000000	6.200000	0.000067
9.200000	6.200000	0.000122
9.400000	6.200000	0.000091
9.600000	6.200000	0.000030
9.800000	6.200000	0.000110
0.000000	6.400000	0.011237
0.200000	6.400000	0.013096
0.400000	6.400000	0.013215
0.600000	6.400000	0.014855
0.800000	6.400000	0.015152
1.000000	6.400000	0.017151
1.200000	6.400000	0.016967
1.400000	6.400000	0.015906
1.600000	6.400000	0.015152
1.800000	6.400000	0.014751
2.000000	6.400000	0.014667
2.200000	6.400000	0.014889
2.400000	6.400000	0.013313
2.600000	6.400000	0.014438
2.800000	6.400000	0.014113
3.000000	6.400000	0.013004
3.200000	6.400000	0.014135
3.400000	6.400000	0.013812
3.600000	6.400000	0.014304
3.800000	6.400000	0.013968
4.000000	6.400000	0.014256
4.200000	6.400000	0.013002
4.400000	6.400000	0.012834
4.600000	6.400000	0.011378
4.800000	6.400000	0.009343
5.000000	6.400000	0.003114
5.200000	6.400000	0.001038
5.400000	6.400000	0.000346
5.600000	6.400000	0.000115
5.800000	6.400000	0.000038
6.000000	6.400000	0.000013
6.200000	6.400000	0.000004
6.400000	6.400000	0.000001
6.600000	6.400000	0.000000
6.800000	6.400000	0.000000
7.000000	6.400000	0.000000
7.200000	6.400000	0.000000
7.400000	6.400000	0.000000
7.600000	6.400000	0.000000
7.800000	6.400000	0.000000
8.000000	6.400000	0.000000
8.200000	6.400000	0.000000
8.400000	6.400000	0.000000
8.600000	6.400000	0.000000
8.800000	6.400000	0.000250
9.000000	6.400000	0.000133
9.200000	6.400000	0.000194
9.400000	6.400000	0.000065
9.600000	6.400000	0.000072
9.800000	6.400000	0.000074
0.000000	6.600000	0.009875
0.200000	6.600000	0.012692
0.400000	6.600000	0.014581
0.600000	6.600000	0.013360
0.800000	6.600000	0.014753
1.000000	6.600000	0.015118
1.200000	6.600000	0.014289
1.400000	6.600000	0.014213
1.600000	6.600000	0.015138
1.800000	6.600000	0.015596
2.000000	6.600000	0.015149
2.200000	6.600000	0.014300
2.400000	6.600000	0.013417
2.600000	6.600000	0.014972
2.800000	6.600000	0.014341
3.000000	6.600000	0.015180
3.200000	6.600000	0.014260
3.400000	6.600000	0.012553
3.600000	6.600000	0.013234
3.800000	6.600000	0.013711
4.000000	6.600000	0.015520
4.200000	6.600000	0.012573
4.400000	6.600000	0.011791
4.600000	6.600000	0.011830
4.800000	6.600000	0.011293
5.000000	6.600000	0.003764
5.200000	6.600000	0.001255
5.400000	6.600000	0.000568
5.600000	6.600000	0.000539
5.800000	6.600000	0.000180
6.000000	6.600000	0.000060
6.200000	6.600000	0.000020
6.400000	6.600000	0.000007
6.600000	6.600000	0.000002
6.800000	6.600000	0.000001
7.000000	6.600000	0.000000
7.200000	6.600000	0.000000
7.400000	6.600000	0.000000
7.600000	6.600000	0.000000
7.800000	6.600000	0.000000
8.000000	6.600000	0.000000
8.200000	6.600000	0.000000
8.400000	6.600000	0.000050
8.600000	6.600000	0.000217
8.800000	6.600000	0.000072
9.000000	6.600000	0.000074
9.200000	6.600000	0.000225
9.400000	6.600000	0.000225
9.600000	6.600000	0.000075
9.800000	6.600000	0.000125
0.000000	6.800000	0.010292
0.200000	6.800000	0.014281
0.400000	6.800000	0.012010
0.600000	6.800000	0.011853
0.800000	6.800000	0.014801
1.000000	6.800000	0.013684
1.200000	6.800000	0.013811
1.400000	6.800000	0.014854
1.600000	6.800000	0.013901
1.800000	6.800000	0.014434
2.000000	6.800000	0.014811
2.200000	6.800000	0.016137
2.400000	6.800000	0.014729
2.600000	6.800000	0.012960
2.800000	6.800000	0.014620
3.000000	6.800000	0.013973
3.200000	6.800000	0.014158
3.400000	6.800000	0.013719
3.600000	6.800000	0.014673
3.800000	6.800000	0.013991
4.000000	6.800000	0.014264
4.200000	6.800000	0.014005
4.400000	6.800000	0.014168
4.600000	6.800000	0.013273
4.800000	6.800000	0.012524
5.000000	6.800000	0.004175
5.200000	6.800000	0.001392
5.400000	6.800000	0.000514
5.600000	6.800000	0.000821
5.800000	6.800000	0.000274
6.000000	6.800000	0.000091
6.200000	6.800000	0.000030
6.400000	6.800000	0.000010
6.600000	6.800000	0.000003
6.800000	6.800000	0.000001
7.000000	6.800000	0.000000
7.200000	6.800000	0.000000
7.400000	6.800000	0.000000
7.600000	6.800000	0.000000
7.800000	6.800000	0.000000
8.000000	6.800000	0.000000
8.200000	6.800000	0.000300
8.400000	6.800000	0.000250
8.600000	6.800000	0.000183
8.800000	6.800000	0.000411
9.000000	6.800000	0.000337
9.200000	6.800000	0.000212
9.400000	6.800000	0.000071
9.600000	6.800000	0.000024
9.800000	6.800000	0.000258
0.000000	7.000000	0.009236
0.200000	7.000000	0.013979
0.400000	7.000000	0.016260
0.600000	7.000000	0.015970
0.800000	7.000000	0.015423
1.000000	7.000000	0.015241
1.200000	7.000000	0.015880
1.400000	7.000000	0.016293
1.600000	7.000000	0.016031
1.800000	7.000000	0.015144
2.000000	7.000000	0.014248
2.200000	7.000000	0.015349
2.400000	7.000000	0.015866
2.600000	7.000000	0.015539
2.800000	7.000000	0.014730
3.000000	7.000000	0.014410
3.200000	7.000000	0.014903
3.400000	7.000000	0.016368
3.600000	7.000000	0.015856
3.800000	7.000000	0.013135
4.000000	7.000000	0.013628
4.200000	7.000000	0.013793
4.400000	7.000000	0.013948
4.600000	7.000000	0.015249
4.800000	7.000000	0.014133
5.000000	7.000000	0.011611
5.200000	7.000000	0.003870
5.400000	7.000000	0.001290
5.600000	7.000000	0.001280
5.800000	7.000000	0.000427
6.000000	7.000000	0.000142
6.200000	7.000000	0.000047
6.400000	7.000000	0.000016
6.600000	7.000000	0.000005
6.800000	7.000000	0.000002
7.000000	7.000000	0.000001
7.200000	7.000000	0.000000
7.400000	7.000000	0.000000
7.600000	7.000000	0.000000
7.800000	7.000000	0.000000
8.000000	7.000000	0.000250
8.200000	7.000000	0.000283
8.400000	7.000000	0.000644
8.600000	7.000000	0.000415
8.800000	7.000000	0.000438
9.000000	7.000000	0.000346
9.200000	7.000000	0.000165
9.400000	7.000000	0.000105
9.600000	7.000000	0.000035
9.800000	7.000000	0.000012
0.000000	7.200000	0.009604
0.200000	7.200000	0.011901
0.400000	7.200000	0.013367
0.600000	7.200000	0.015406
0.800000	7.200000	0.016335
1.000000	7.200000	0.016745
1.200000	7.200000	0.017382
1.400000	7.200000	0.015244
1.600000	7.200000	0.013231
1.800000	7.200000	0.013910
2.000000	7.200000	0.013437
2.200000	7.200000	0.013579
2.400000	7.200000	0.013826
2.600000	7.200000	0.015709
2.800000	7.200000	0.014286
3.000000	7.200000	0.013462
3.200000	7.200000	0.014387
3.400000	7.200000	0.015096
3.600000	7.200000	0.014782
3.800000	7.200000	0.013827
4.000000	7.200000	0.014559
4.200000	7.200000	0.015853
4.400000	7.200000	0.014834
4.600000	7.200000	0.013495
4.800000	7.200000	0.014198
5.000000	7.200000	0.013083
5.200000	7.200000	0.011161
5.400000	7.200000	0.010470
5.600000	7.200000	0.003490
5.800000	7.200000	0.001163
6.000000	7.200000	0.000388
6.200000	7.200000	0.000129
6.400000	7.200000	0.000043
6.600000	7.200000	0.000014
6.800000	7.200000	0.000005
7.000000	7.200000	0.000002
7.200000	7.200000	0.000001
7.400000	7.200000	0.000000
7.600000	7.200000	0.000000
7.800000	7.200000	0.000900
8.000000	7.200000	0.000800
8.200000	7.200000	0.001017
8.400000	7.200000	0.000839
8.600000	7.200000	0.000530
8.800000	7.200000	0.000327
9.000000	7.200000	0.000359
9.200000	7.200000	0.000220
9.400000	7.200000	0.000173
9.600000	7.200000	0.000208
9.800000	7.200000	0.000119
0.000000	7.400000	0.015090
0.200000	7.400000	0.020580
0.400000	7.400000	0.021060
0.600000	7.400000	0.022120
0.800000	7.400000	0.020723
1.000000	7.400000	0.020458
1.200000	7.400000	0.020019
1.400000	7.400000	0.023623
1.600000	7.400000	0.020724
1.800000	7.400000	0.022808
2.000000	7.400000	0.021803
2.200000	7.400000	0.023118
2.400000	7.400000	0.023256
2.600000	7.400000	0.021352
2.800000	7.400000	0.022167
3.000000	7.400000	0.023589
3.200000	7.400000	0.021563
3.400000	7.400000	0.020588
3.600000	7.400000	0.021113
3.800000	7.400000	0.021588
4.000000	7.400000	0.021796
4.200000	7.400000	0.021965
4.400000	7.400000	0.021722
4.600000	7.400000	0.019541
4.800000	7.400000	0.020714
5.000000	7.400000	0.019655
5.200000	7.400000	0.018452
5.400000	7.400000	0.015751
5.600000	7.400000	0.005250
5.800000	7.400000	0.009650
6.000000	7.400000	0.013467
6.200000	7.400000	0.013939
6.400000	7.400000	0.015946
6.600000	7.400000	0.014715
6.800000	7.400000	0.011105
7.000000	7.400000	0.008702
7.200000	7.400000	0.005401
7.400000	7.400000	0.003650
7.600000	7.400000	0.002117
7.800000	7.400000	0.001556
8.000000	7.400000	0.001169
8.200000	7.400000	0.000640
8.400000	7.400000	0.000663
8.600000	7.400000	0.000471
8.800000	7.400000	0.000307
9.000000	7.400000	0.000302
9.200000	7.400000	0.000201
9.400000	7.400000	0.000117
9.600000	7.400000	0.000139
9.800000	7.400000	0.000046
